302546099
208686316
104309955
695615636
733025197
1142210240
840897754
1723221303
1122357861
1078609186
1694763097
961894059
453152072
943917980
331881750
1243289528
575860222
755337490
1187134370
551603282
489609719
29673587
1901376750
1140629412
634875376
1574717968
198218907
1401439489
995573299
1871925744
1815519495
1000584601
1709868476
627030295
1811679821
2099153601
459163962
1043581048
835682766
1126413032
1127007007
163965980
463051128
756265201
753595416
1507193835
2066495080
850921425
423854913
1725221921
1295545983
386076271
622922097
952692142
993101584
1850323042
810568528
457600971
1529361673
1431421271
1767886742
1956380344
1796647903
961227048
797515587
892593505
68158376
1740846407
119292595
758613372
366387390
555384513
1849661019
1932306857
2144902872
1474686486
169166482
1428508560
1632533691
1651797312
1963997580
215282212
13688699
688132318
293223646
1004036189
963609135
1830817740
1566385623
1246672433
255745534
147136143
513489171
1835389190
1582373073
1133361456
1247760210
1090852502
1172803618
803213424
1432965195
851898011
1696242768
1933380453
1881431321
1747822408
1769636175
585092439
2115798858
2057143663
272550779
2016680259
1634849554
890489911
1114846240
238487906
315278927
551972852
1188734116
1721677925
293667331
309116276
495506017
334009802
1382955903
626109977
257180548
802802232
197854482
1172497202
2056501634
1271355116
1283151094
2042212396
318834084
1425223689
1833885930
2014537203
426617430
1265129516
1617890033
1554872733
1380968684
1807229740
1784717182
949780296
1244726589
825433070
1129729291
177777352
1216866055
1855859206
2130999664
662834714
117788203
568022682
1249434494
946317508
499536575
1168616706
2144022514
1117681692
1724338966
455633797
1192261856
523074092
1453274148
785728369
293909921
1438913953
1155448801
432921594
197747778
2131259585
621869192
958994344
1779579436
645954878
2136864276
1091569235
594668672
813280424
217989883
159153954
554807589
1746135279
506484317
434841456
2074038123
1283668866
1470638320
1500861719
46530711
537048733
881987303
522445829
108176139
1444333259
1317991048
1847843209
1018769215
1695606505
807444438
1480853877
574493372
1257347884
1138085145
1683891024
1650587990
664983344
542338758
584434891
606162249
507167145
1803573837
1461603870
1096872830
335658459
392051662
24550274
1258180062
602947790
514252923
279302772
632775508
1542950908
175439645
579245604
1706000994
1688892633
116188971
2124994468
1496922119
181943852
896952122
118043280
602038200
2106828971
956146322
2045845434
581216563
216434791
459364246
2013774674
1358606441
2113387135
438036396
417971781
614068965
2021003499
1562338431
1321517502
985255496
358615178
1948562904
929847149
122171999
1183432880
566510944
1866241758
1810250188
1381051283
1087029652
1328447906
2137091
215435480
1225139437
1547251050
809848540
1833523701
2136182706
1376883520
419515889
84362814
1340193078
579656804
67128495
230690471
1638817145
815833653
1127984963
6019019
1897104381
798533213
1239354061
1257735042
2136353284
817576584
1374396705
1139566424
549130119
1334853954
1772839996
1157894678
1184446565
877566163
1139341729
2090867974
1217645811
1470235267
122077584
884764361
153953890
425337044
1677674539
1315690444
63875518
792860443
230476546
55622144
829728002
1291696365
1581183729
1988680098
1826306829
1001141946
1724372099
322345143
1719739180
670507665
345005368
231944040
494632333
1421677185
1233643628
1194733035
316724975
563642265
1189244210
868363135
1327714561
1128908439
734159301
510145308
1904624031
2034578019
127838501
419723440
1534776020
938464762
1913500863
1633814943
1646834814
365697021
50639168
2069446915
2080138040
1610687635
2145677068
954020609
1869322819
1290293846
1886651059
1220076201
1593394488
1517427785
1664729510
638856230
736953225
2065267810
615070218
2052445785
2087922038
79664450
1931301155
614418190
402408495
382262628
417453289
1731071811
710544929
1409197468
1977483337
319025572
886613744
1136385557
655727964
469607456
63412844
793209560
703804028
2102757904
1552401968
1619935904
1647398083
1910067859
1755396527
1362350336
1185244926
1870355839
378031245
1484958833
128094268
757224840
1906839898
334823721
1325007671
1226980240
2047789239
1557351458
864264874
1700757804
1810204529
1248110447
341717023
632456186
1354508541
983934778
820675418
1379107795
1150430694
531435524
862215596
815137786
616535278
1862630486
1151638443
149512608
1438129552
758053040
1294586554
795509052
1146443966
1251159376
1180358667
1570685875
2059834969
195165826
701080520
780469690
1961535112
1142453742
1516487029
432425539
903700959
1227363906
73778412
113156892
258618205
1092704899
612711509
1605212435
1683948562
932512716
1395670473
86458339
537330213
183897374
457330614
1918322272
1768986175
1134123916
89008873
1424823645
612720914
1017145
300666780
1198251913
956135178
1001351048
643387507
932633533
1169128538
950995002
422069948
1578697108
1879185088
1304156045
1465223692
552370859
49401183
231052911
1462649732
592431820
601117808
1688103875
1861447311
1131666732
2135407767
1475979311
1416652035
639521875
45481348
118807449
1070087126
1770378165
1636789777
298184648
112528286
1423432306
2113881002
1683524576
53281762
1499106445
1858039516
135470412
1266695981
1247055128
478389773
1084257947
1732679026
867058048
1004229750
773446203
1976062811
625183350
1490952687
697679189
177810089
1729118870
1506795446
1299630740
42432879
925650080
2008480231
2023265038
1439633632
598168515
360274692
1416800217
245171375
671617979
1386849368
745303670
1576797616
304993147
752850138
595193136
788445099
315690976
589208768
1113448254
86211774
1882518754
485534394
133182478
1091765075
591728406
626992977
407826003
1419789075
1788296064
1070503655
2097073886
1372167659
994928853
497814769
509887466
1419996355
1965610464
1829865657
50362793
171831064
2102970922
12342983
1704251320
900283352
2083719880
929083375
1487495853
1359691089
1677940970
2031972547
1943289087
99948787
271439430
502929506
787909466
411942002
837729931
1834286867
974907543
1021247135
1913603935
1079415954
2090391697
1199222987
1672950135
570868100
38295362
1075002630
2028041055
1020408993
388694844
800257879
1947387357
1566745281
1621900765
391793001
1411099914
1302743470
109045227
1635248459
748623414
1431960189
2143445685
1910759220
1381165031
1475098520
1365316473
2124623598
1630503454
293384238
1862012623
1651506677
2143897308
1898206
1046890339
685375003
429485214
223081577
759022898
2018158208
17833333
889782759
1880388837
292444849
114618106
1453296826
1984197700
1948804568
395370624
423436062
1342585216
77644285
577277018
1254459836
327084059
1294263018
500507247
1738473143
1015040050
1299485217
1490546847
1828839773
1726744983
1270686342
1635433033
951282111
459662189
644465636
259624301
1357023861
1803669270
938724994
1143175885
79712000
1842079905
500273249
1451967953
555571087
866909566
891926862
1973865922
1068736221
203418711
1775345314
1802245808
132816766
1200782299
772777708
745777665
1066027558
1273331100
1847368337
268554874
18038289
229294910
351426780
1808976558
1340631661
1887810320
232831316
1027643091
1918111310
265995248
2012226447
897098599
368376456
1555580857
639506084
613541075
184834758
50525701
779680080
836828598
1708446688
1228751541
1785993153
1380546583
2135728582
486228306
1694340293
1421131412
674670808
1306926961
298716118
2056979422
11433245
1924388865
256580835
1332769114
1475176282
809991510
1048300368
867312927
1676523319
777135738
92691659
1879416285
1340236565
914720674
376574796
1312248031
1661445428
794100235
944856491
267589589
216788626
1030484286
1445150700
1512096138
1345438314
1804565521
1353140475
869205731
926908579
119700343
342509812
298647520
1910180839
1465867
992105921
2083109412
646655956
349584816
314749502
987248077
1547653862
2128911037
1421040591
952086913
1448607379
54473970
1967717273
1706891791
677405845
517130090
1356317967
334895254
1693898042
1107161362
1586374078
1746966760
1177481734
1570460877
1385969020
159844574
748177054
1880288978
1857134779
1734800489
887631886
970880042
842139207
2135165299
1276531289
1967490376
1878134568
1964023142
1770371889
243420487
30073597
2027358745
390542129
203840424
628177935
351449190
51978043
996706362
923933452
1023216899
1900471375
1208915768
439713959
515757440
1665866743
887444841
887150657
758203735
454229410
833458317
1658559064
1338390067
1295908348
1824113259
1291095495
996946092
413581086
413169775
1831537190
833417637
2073331979
1608549115
1887455665
513003453
1819168596
2085161692
2141142079
1996408999
324547663
1979864504
1955955008
263022898
1793132428
650638036
1552406085
1354318677
406567511
115433339
1620507175
1560051449
1197313926
1948335021
1391520129
625330688
745973725
1620101905
619641225
1984886281
1632313500
678095678
1827219175
618301608
215731652
548895341
1733007796
483017997
841187188
1975077360
1216164359
346086357
1148992684
166464143
127933505
14201320
311153394
228704357
770140171
2126709046
2035685409
360302201
1832672217
1864539707
480541677
598624150
1059486387
945875428
1381058687
81959115
1664500667
35553327
1683620451
1296019247
1223517918
125531628
198918001
1645192446
968418285
468030415
1642315066
262680128
1090172849
712289019
709449220
1548904916
409767724
1485946251
1529671532
1046217328
6975867
1601963011
1701016327
344809100
912815500
574076854
675541609
1556096016
1645213793
1122087775
1689866188
296661262
845102036
1907184580
1196212029
1165297243
1417215502
644280021
1416871620
1470727130
1383373248
2017135069
584216264
1977199662
1686737702
1140706803
344099959
430501601
785625034
1661263449
286731731
1061617847
1366643393
1423814513
281613686
325306844
280591345
1965858553
911547204
184429429
873122180
1709847332
2039593936
505446602
629293496
852790359
713554401
491847649
599093215
739772980
224007599
1904577268
1912168945
953546465
1736581034
697500807
966358855
1589838513
429271241
471356122
1322648246
1288730671
482814633
1303870135
1014895362
1209500482
928117451
179644847
1282422023
2005047531
1798642098
691303462
861682027
1945364442
1280854455
1048449691
3081668
1324593057
2081035814
1166211741
1569227629
798870039
2069967841
2146905728
1514644465
271592249
183106365
540441149
1713123951
1070443159
304994814
73799389
806379890
773791052
1978986795
982642115
1396320039
1990570020
1072504335
1157797344
1746183071
1388794451
1197173825
2117076364
1413402396
981111822
285216338
45942402
1617429625
1060235063
296815593
1388934933
226669077
676836765
378401797
1172553828
1126886239
70879960
2051074662
164366048